3 1 6 CONSPECTUS NUMERORUM

HERTLEIN BERCHER HEYLER NOSTRA ΕΒ,
26 25 26 110
27 26 27 98
28 >27 28 196
29 28 29 9
30 29 30 10
31 30 31 46
32 31 32 197
33 32 33 200
34 33 34 187
35 34 35 198
36 35 36 106
37 36 37 201
88 37 38 26
39 38 39 35
40 39 40 184
41 40 41 186
[12 [ιι 49 610
43 42 43 115
44 43 44 11
45 44 45 58
46 45 46 4
47 46 47 73
48 47 48 153
49 48 49 843
50 49 50 108
51 50 51 ' 111
52 51 52 114
53 52 53 185
54 53 54 189
55 54 55 8
56 55 56 109
57 55 57 195
58 57 58 59
59 58 59 82
60 59 60 183
61 60 61 181
62 61 62 88
63 62 63 89a

64 64 65 176

